; FBX 6.1.0 project file
; ----------------------------------------------------

FBXHeaderExtension:  {
	FBXHeaderVersion: 1003
	FBXVersion: 6100
}
CreationTime: "2022-03-07 16:19:06:000"

; Object definitions
;------------------------------------------------------------------

Definitions:  {
	Version: 100
	Count: 63
	ObjectType: "Model" {
		Count: 62
	}
	ObjectType: "Geometry" {
		Count: 0
	}
	ObjectType: "Pose" {
		Count: 1
	}
	ObjectType: "GlobalSettings" {
		Count: 1
	}
}

; Object properties
;------------------------------------------------------------------

Objects:  {
	Model: "Model::Rig", "Limb" {
		Version: 232
		Properties60:  {
			Property: "QuaternionInterpolate", "bool", "",0
			Property: "Lcl Translation", "Lcl Translation", "A+",0.0000,0.0000,0.0000
			Property: "Lcl Rotation", "Lcl Rotation", "A+",0.0000,-0.0000,0.0000
			Property: "Lcl Scaling", "Lcl Scaling", "A+",1.0,1.0,1.0
		}
		MultiLayer: 0
		MultiTake: 1
		Shading: Y
		Culling: "CullingOff"
		TypeFlags: "Skeleton"
	}
	Model: "Model::root", "Limb" {
		Version: 232
		Properties60:  {
			Property: "QuaternionInterpolate", "bool", "",0
			Property: "Lcl Translation", "Lcl Translation", "A+",0.0000,0.0000,0.0000
			Property: "Lcl Rotation", "Lcl Rotation", "A+",-90.0000,90.0000,0.0000
			Property: "Lcl Scaling", "Lcl Scaling", "A+",1.0,1.0,1.0
		}
		MultiLayer: 0
		MultiTake: 1
		Shading: Y
		Culling: "CullingOff"
		TypeFlags: "Skeleton"
	}
	Model: "Model::B-hips", "Limb" {
		Version: 232
		Properties60:  {
			Property: "QuaternionInterpolate", "bool", "",0
			Property: "Lcl Translation", "Lcl Translation", "A+",6.9885,0.0000,128.1250
			Property: "Lcl Rotation", "Lcl Rotation", "A+",0.0000,-90.0000,0.0000
			Property: "Lcl Scaling", "Lcl Scaling", "A+",1.0,1.0,1.0
		}
		MultiLayer: 0
		MultiTake: 1
		Shading: Y
		Culling: "CullingOff"
		TypeFlags: "Skeleton"
	}
	Model: "Model::B-spine", "Limb" {
		Version: 232
		Properties60:  {
			Property: "QuaternionInterpolate", "bool", "",0
			Property: "Lcl Translation", "Lcl Translation", "A+",19.0840,0.0000,-0.0000
			Property: "Lcl Rotation", "Lcl Rotation", "A+",0.0000,-0.0000,0.0000
			Property: "Lcl Scaling", "Lcl Scaling", "A+",1.0,1.0,1.0
		}
		MultiLayer: 0
		MultiTake: 1
		Shading: Y
		Culling: "CullingOff"
		TypeFlags: "Skeleton"
	}
	Model: "Model::B-chest", "Limb" {
		Version: 232
		Properties60:  {
			Property: "QuaternionInterpolate", "bool", "",0
			Property: "Lcl Translation", "Lcl Translation", "A+",39.8781,0.0000,0.0000
			Property: "Lcl Rotation", "Lcl Rotation", "A+",0.0000,0.0000,0.0000
			Property: "Lcl Scaling", "Lcl Scaling", "A+",1.0,1.0,1.0
		}
		MultiLayer: 0
		MultiTake: 1
		Shading: Y
		Culling: "CullingOff"
		TypeFlags: "Skeleton"
	}
	Model: "Model::B-neck", "Limb" {
		Version: 232
		Properties60:  {
			Property: "QuaternionInterpolate", "bool", "",0
			Property: "Lcl Translation", "Lcl Translation", "A+",43.7551,0.0000,5.7613
			Property: "Lcl Rotation", "Lcl Rotation", "A+",0.0001,-57.3535,0.0000
			Property: "Lcl Scaling", "Lcl Scaling", "A+",1.0,1.0,1.0
		}
		MultiLayer: 0
		MultiTake: 1
		Shading: Y
		Culling: "CullingOff"
		TypeFlags: "Skeleton"
	}
	Model: "Model::B-head", "Limb" {
		Version: 232
		Properties60:  {
			Property: "QuaternionInterpolate", "bool", "",0
			Property: "Lcl Translation", "Lcl Translation", "A+",24.7992,0.0000,-0.0000
			Property: "Lcl Rotation", "Lcl Rotation", "A+",-0.0001,57.3535,-0.0001
			Property: "Lcl Scaling", "Lcl Scaling", "A+",1.0,1.0,1.0
		}
		MultiLayer: 0
		MultiTake: 1
		Shading: Y
		Culling: "CullingOff"
		TypeFlags: "Skeleton"
	}
	Model: "Model::B-jaw", "Limb" {
		Version: 232
		Properties60:  {
			Property: "QuaternionInterpolate", "bool", "",0
			Property: "Lcl Translation", "Lcl Translation", "A+",-10.1935,-0.0000,-6.5981
			Property: "Lcl Rotation", "Lcl Rotation", "A+",0.0001,-77.4018,179.9999
			Property: "Lcl Scaling", "Lcl Scaling", "A+",1.0,1.0,1.0
		}
		MultiLayer: 0
		MultiTake: 1
		Shading: Y
		Culling: "CullingOff"
		TypeFlags: "Skeleton"
	}
	Model: "Model::B-shoulder.L", "Limb" {
		Version: 232
		Properties60:  {
			Property: "QuaternionInterpolate", "bool", "",0
			Property: "Lcl Translation", "Lcl Translation", "A+",33.5126,0.0000,0.0000
			Property: "Lcl Rotation", "Lcl Rotation", "A+",-87.9112,-0.0000,-97.2291
			Property: "Lcl Scaling", "Lcl Scaling", "A+",1.0,1.0,1.0
		}
		MultiLayer: 0
		MultiTake: 1
		Shading: Y
		Culling: "CullingOff"
		TypeFlags: "Skeleton"
	}
	Model: "Model::B-upper_arm.L", "Limb" {
		Version: 232
		Properties60:  {
			Property: "QuaternionInterpolate", "bool", "",0
			Property: "Lcl Translation", "Lcl Translation", "A+",42.0702,0.0000,-0.0000
			Property: "Lcl Rotation", "Lcl Rotation", "A+",81.5661,37.5794,7.1747
			Property: "Lcl Scaling", "Lcl Scaling", "A+",1.0,1.0,1.0
		}
		MultiLayer: 0
		MultiTake: 1
		Shading: Y
		Culling: "CullingOff"
		TypeFlags: "Skeleton"
	}
	Model: "Model::B-forearm.L", "Limb" {
		Version: 232
		Properties60:  {
			Property: "QuaternionInterpolate", "bool", "",0
			Property: "Lcl Translation", "Lcl Translation", "A+",53.2931,-0.0000,0.0000
			Property: "Lcl Rotation", "Lcl Rotation", "A+",2.8789,-26.0237,1.8607
			Property: "Lcl Scaling", "Lcl Scaling", "A+",1.0,1.0,1.0
		}
		MultiLayer: 0
		MultiTake: 1
		Shading: Y
		Culling: "CullingOff"
		TypeFlags: "Skeleton"
	}
	Model: "Model::B-hand.L", "Limb" {
		Version: 232
		Properties60:  {
			Property: "QuaternionInterpolate", "bool", "",0
			Property: "Lcl Translation", "Lcl Translation", "A+",50.8983,-0.0000,0.0000
			Property: "Lcl Rotation", "Lcl Rotation", "A+",90.1565,9.8302,-7.7442
			Property: "Lcl Scaling", "Lcl Scaling", "A+",1.0,1.0,1.0
		}
		MultiLayer: 0
		MultiTake: 1
		Shading: Y
		Culling: "CullingOff"
		TypeFlags: "Skeleton"
	}
	Model: "Model::B-palm_01.L", "Limb" {
		Version: 232
		Properties60:  {
			Property: "QuaternionInterpolate", "bool", "",0
			Property: "Lcl Translation", "Lcl Translation", "A+",11.6445,8.5107,2.1490
			Property: "Lcl Rotation", "Lcl Rotation", "A+",9.1084,7.9665,15.3626
			Property: "Lcl Scaling", "Lcl Scaling", "A+",1.0,1.0,1.0
		}
		MultiLayer: 0
		MultiTake: 1
		Shading: Y
		Culling: "CullingOff"
		TypeFlags: "Skeleton"
	}
	Model: "Model::B-f_index_01.L", "Limb" {
		Version: 232
		Properties60:  {
			Property: "QuaternionInterpolate", "bool", "",0
			Property: "Lcl Translation", "Lcl Translation", "A+",19.9067,0.0000,-0.0000
			Property: "Lcl Rotation", "Lcl Rotation", "A+",-0.0951,-27.1014,-2.3099
			Property: "Lcl Scaling", "Lcl Scaling", "A+",1.0,1.0,1.0
		}
		MultiLayer: 0
		MultiTake: 1
		Shading: Y
		Culling: "CullingOff"
		TypeFlags: "Skeleton"
	}
	Model: "Model::B-f_index_02.L", "Limb" {
		Version: 232
		Properties60:  {
			Property: "QuaternionInterpolate", "bool", "",0
			Property: "Lcl Translation", "Lcl Translation", "A+",9.2956,-0.0000,0.0000
			Property: "Lcl Rotation", "Lcl Rotation", "A+",-0.7628,-11.5825,2.5784
			Property: "Lcl Scaling", "Lcl Scaling", "A+",1.0,1.0,1.0
		}
		MultiLayer: 0
		MultiTake: 1
		Shading: Y
		Culling: "CullingOff"
		TypeFlags: "Skeleton"
	}
	Model: "Model::B-f_index_03.L", "Limb" {
		Version: 232
		Properties60:  {
			Property: "QuaternionInterpolate", "bool", "",0
			Property: "Lcl Translation", "Lcl Translation", "A+",8.4749,0.0000,-0.0000
			Property: "Lcl Rotation", "Lcl Rotation", "A+",-3.0378,-10.7623,2.2645
			Property: "Lcl Scaling", "Lcl Scaling", "A+",1.0,1.0,1.0
		}
		MultiLayer: 0
		MultiTake: 1
		Shading: Y
		Culling: "CullingOff"
		TypeFlags: "Skeleton"
	}
	Model: "Model::B-thumb_01.L", "Limb" {
		Version: 232
		Properties60:  {
			Property: "QuaternionInterpolate", "bool", "",0
			Property: "Lcl Translation", "Lcl Translation", "A+",-4.7813,5.8338,7.3029
			Property: "Lcl Rotation", "Lcl Rotation", "A+",57.8502,-14.8336,43.4573
			Property: "Lcl Scaling", "Lcl Scaling", "A+",1.0,1.0,1.0
		}
		MultiLayer: 0
		MultiTake: 1
		Shading: Y
		Culling: "CullingOff"
		TypeFlags: "Skeleton"
	}
	Model: "Model::B-thumb_02.L", "Limb" {
		Version: 232
		Properties60:  {
			Property: "QuaternionInterpolate", "bool", "",0
			Property: "Lcl Translation", "Lcl Translation", "A+",11.3479,-0.0000,0.0000
			Property: "Lcl Rotation", "Lcl Rotation", "A+",-4.5624,-9.1808,-2.9953
			Property: "Lcl Scaling", "Lcl Scaling", "A+",1.0,1.0,1.0
		}
		MultiLayer: 0
		MultiTake: 1
		Shading: Y
		Culling: "CullingOff"
		TypeFlags: "Skeleton"
	}
	Model: "Model::B-thumb_03.L", "Limb" {
		Version: 232
		Properties60:  {
			Property: "QuaternionInterpolate", "bool", "",0
			Property: "Lcl Translation", "Lcl Translation", "A+",9.7637,0.0000,-0.0000
			Property: "Lcl Rotation", "Lcl Rotation", "A+",-0.9464,-13.1025,-0.0128
			Property: "Lcl Scaling", "Lcl Scaling", "A+",1.0,1.0,1.0
		}
		MultiLayer: 0
		MultiTake: 1
		Shading: Y
		Culling: "CullingOff"
		TypeFlags: "Skeleton"
	}
	Model: "Model::B-palm_02.L", "Limb" {
		Version: 232
		Properties60:  {
			Property: "QuaternionInterpolate", "bool", "",0
			Property: "Lcl Translation", "Lcl Translation", "A+",12.2597,3.8850,1.3284
			Property: "Lcl Rotation", "Lcl Rotation", "A+",1.1533,6.8796,0.2096
			Property: "Lcl Scaling", "Lcl Scaling", "A+",1.0,1.0,1.0
		}
		MultiLayer: 0
		MultiTake: 1
		Shading: Y
		Culling: "CullingOff"
		TypeFlags: "Skeleton"
	}
	Model: "Model::B-f_middle_01.L", "Limb" {
		Version: 232
		Properties60:  {
			Property: "QuaternionInterpolate", "bool", "",0
			Property: "Lcl Translation", "Lcl Translation", "A+",20.0712,0.0000,0.0000
			Property: "Lcl Rotation", "Lcl Rotation", "A+",-8.7089,-30.7788,4.6819
			Property: "Lcl Scaling", "Lcl Scaling", "A+",1.0,1.0,1.0
		}
		MultiLayer: 0
		MultiTake: 1
		Shading: Y
		Culling: "CullingOff"
		TypeFlags: "Skeleton"
	}
	Model: "Model::B-f_middle_02.L", "Limb" {
		Version: 232
		Properties60:  {
			Property: "QuaternionInterpolate", "bool", "",0
			Property: "Lcl Translation", "Lcl Translation", "A+",8.9079,-0.0000,0.0000
			Property: "Lcl Rotation", "Lcl Rotation", "A+",4.5918,-16.7156,-2.3294
			Property: "Lcl Scaling", "Lcl Scaling", "A+",1.0,1.0,1.0
		}
		MultiLayer: 0
		MultiTake: 1
		Shading: Y
		Culling: "CullingOff"
		TypeFlags: "Skeleton"
	}
	Model: "Model::B-f_middle_03.L", "Limb" {
		Version: 232
		Properties60:  {
			Property: "QuaternionInterpolate", "bool", "",0
			Property: "Lcl Translation", "Lcl Translation", "A+",9.3024,0.0000,-0.0000
			Property: "Lcl Rotation", "Lcl Rotation", "A+",0.5311,-12.6176,-1.3789
			Property: "Lcl Scaling", "Lcl Scaling", "A+",1.0,1.0,1.0
		}
		MultiLayer: 0
		MultiTake: 1
		Shading: Y
		Culling: "CullingOff"
		TypeFlags: "Skeleton"
	}
	Model: "Model::B-palm_03.L", "Limb" {
		Version: 232
		Properties60:  {
			Property: "QuaternionInterpolate", "bool", "",0
			Property: "Lcl Translation", "Lcl Translation", "A+",12.5953,-2.3904,1.0378
			Property: "Lcl Rotation", "Lcl Rotation", "A+",-4.3834,3.5656,-7.7548
			Property: "Lcl Scaling", "Lcl Scaling", "A+",1.0,1.0,1.0
		}
		MultiLayer: 0
		MultiTake: 1
		Shading: Y
		Culling: "CullingOff"
		TypeFlags: "Skeleton"
	}
	Model: "Model::B-f_ring_01.L", "Limb" {
		Version: 232
		Properties60:  {
			Property: "QuaternionInterpolate", "bool", "",0
			Property: "Lcl Translation", "Lcl Translation", "A+",18.9884,0.0000,0.0000
			Property: "Lcl Rotation", "Lcl Rotation", "A+",2.7203,-29.6720,1.6282
			Property: "Lcl Scaling", "Lcl Scaling", "A+",1.0,1.0,1.0
		}
		MultiLayer: 0
		MultiTake: 1
		Shading: Y
		Culling: "CullingOff"
		TypeFlags: "Skeleton"
	}
	Model: "Model::B-f_ring_02.L", "Limb" {
		Version: 232
		Properties60:  {
			Property: "QuaternionInterpolate", "bool", "",0
			Property: "Lcl Translation", "Lcl Translation", "A+",8.5305,0.0000,-0.0000
			Property: "Lcl Rotation", "Lcl Rotation", "A+",-7.7976,-17.6225,0.8552
			Property: "Lcl Scaling", "Lcl Scaling", "A+",1.0,1.0,1.0
		}
		MultiLayer: 0
		MultiTake: 1
		Shading: Y
		Culling: "CullingOff"
		TypeFlags: "Skeleton"
	}
	Model: "Model::B-f_ring_03.L", "Limb" {
		Version: 232
		Properties60:  {
			Property: "QuaternionInterpolate", "bool", "",0
			Property: "Lcl Translation", "Lcl Translation", "A+",8.3968,0.0000,0.0000
			Property: "Lcl Rotation", "Lcl Rotation", "A+",6.9374,-12.7010,-2.5196
			Property: "Lcl Scaling", "Lcl Scaling", "A+",1.0,1.0,1.0
		}
		MultiLayer: 0
		MultiTake: 1
		Shading: Y
		Culling: "CullingOff"
		TypeFlags: "Skeleton"
	}
	Model: "Model::B-palm_04.L", "Limb" {
		Version: 232
		Properties60:  {
			Property: "QuaternionInterpolate", "bool", "",0
			Property: "Lcl Translation", "Lcl Translation", "A+",12.0226,-8.5517,1.8340
			Property: "Lcl Rotation", "Lcl Rotation", "A+",-7.2329,-1.0051,-18.3502
			Property: "Lcl Scaling", "Lcl Scaling", "A+",1.0,1.0,1.0
		}
		MultiLayer: 0
		MultiTake: 1
		Shading: Y
		Culling: "CullingOff"
		TypeFlags: "Skeleton"
	}
	Model: "Model::B-f_pinky_01.L", "Limb" {
		Version: 232
		Properties60:  {
			Property: "QuaternionInterpolate", "bool", "",0
			Property: "Lcl Translation", "Lcl Translation", "A+",17.1194,0.0000,-0.0000
			Property: "Lcl Rotation", "Lcl Rotation", "A+",-9.1084,-37.4947,7.7460
			Property: "Lcl Scaling", "Lcl Scaling", "A+",1.0,1.0,1.0
		}
		MultiLayer: 0
		MultiTake: 1
		Shading: Y
		Culling: "CullingOff"
		TypeFlags: "Skeleton"
	}
	Model: "Model::B-f_pinky_02.L", "Limb" {
		Version: 232
		Properties60:  {
			Property: "QuaternionInterpolate", "bool", "",0
			Property: "Lcl Translation", "Lcl Translation", "A+",7.5358,0.0000,0.0000
			Property: "Lcl Rotation", "Lcl Rotation", "A+",5.8302,-5.7515,-2.0772
			Property: "Lcl Scaling", "Lcl Scaling", "A+",1.0,1.0,1.0
		}
		MultiLayer: 0
		MultiTake: 1
		Shading: Y
		Culling: "CullingOff"
		TypeFlags: "Skeleton"
	}
	Model: "Model::B-f_pinky_03.L", "Limb" {
		Version: 232
		Properties60:  {
			Property: "QuaternionInterpolate", "bool", "",0
			Property: "Lcl Translation", "Lcl Translation", "A+",7.0637,0.0000,0.0000
			Property: "Lcl Rotation", "Lcl Rotation", "A+",-2.7502,-4.9071,-2.4802
			Property: "Lcl Scaling", "Lcl Scaling", "A+",1.0,1.0,1.0
		}
		MultiLayer: 0
		MultiTake: 1
		Shading: Y
		Culling: "CullingOff"
		TypeFlags: "Skeleton"
	}
	Model: "Model::B-shoulder.R", "Limb" {
		Version: 232
		Properties60:  {
			Property: "QuaternionInterpolate", "bool", "",0
			Property: "Lcl Translation", "Lcl Translation", "A+",33.5126,0.0000,0.0000
			Property: "Lcl Rotation", "Lcl Rotation", "A+",87.9112,0.0000,97.2291
			Property: "Lcl Scaling", "Lcl Scaling", "A+",1.0,1.0,1.0
		}
		MultiLayer: 0
		MultiTake: 1
		Shading: Y
		Culling: "CullingOff"
		TypeFlags: "Skeleton"
	}
	Model: "Model::B-upper_arm.R", "Limb" {
		Version: 232
		Properties60:  {
			Property: "QuaternionInterpolate", "bool", "",0
			Property: "Lcl Translation", "Lcl Translation", "A+",42.0702,0.0000,0.0000
			Property: "Lcl Rotation", "Lcl Rotation", "A+",-81.5662,37.5794,-7.1747
			Property: "Lcl Scaling", "Lcl Scaling", "A+",1.0,1.0,1.0
		}
		MultiLayer: 0
		MultiTake: 1
		Shading: Y
		Culling: "CullingOff"
		TypeFlags: "Skeleton"
	}
	Model: "Model::B-forearm.R", "Limb" {
		Version: 232
		Properties60:  {
			Property: "QuaternionInterpolate", "bool", "",0
			Property: "Lcl Translation", "Lcl Translation", "A+",53.2931,0.0000,-0.0000
			Property: "Lcl Rotation", "Lcl Rotation", "A+",-2.8789,-26.0237,-1.8607
			Property: "Lcl Scaling", "Lcl Scaling", "A+",1.0,1.0,1.0
		}
		MultiLayer: 0
		MultiTake: 1
		Shading: Y
		Culling: "CullingOff"
		TypeFlags: "Skeleton"
	}
	Model: "Model::B-hand.R", "Limb" {
		Version: 232
		Properties60:  {
			Property: "QuaternionInterpolate", "bool", "",0
			Property: "Lcl Translation", "Lcl Translation", "A+",50.8983,0.0000,-0.0000
			Property: "Lcl Rotation", "Lcl Rotation", "A+",-90.1565,9.8301,7.7443
			Property: "Lcl Scaling", "Lcl Scaling", "A+",1.0,1.0,1.0
		}
		MultiLayer: 0
		MultiTake: 1
		Shading: Y
		Culling: "CullingOff"
		TypeFlags: "Skeleton"
	}
	Model: "Model::B-palm_01.R", "Limb" {
		Version: 232
		Properties60:  {
			Property: "QuaternionInterpolate", "bool", "",0
			Property: "Lcl Translation", "Lcl Translation", "A+",11.6445,-8.5107,2.1490
			Property: "Lcl Rotation", "Lcl Rotation", "A+",-9.1084,7.9664,-15.3626
			Property: "Lcl Scaling", "Lcl Scaling", "A+",1.0,1.0,1.0
		}
		MultiLayer: 0
		MultiTake: 1
		Shading: Y
		Culling: "CullingOff"
		TypeFlags: "Skeleton"
	}
	Model: "Model::B-f_index_01.R", "Limb" {
		Version: 232
		Properties60:  {
			Property: "QuaternionInterpolate", "bool", "",0
			Property: "Lcl Translation", "Lcl Translation", "A+",19.9067,0.0000,0.0000
			Property: "Lcl Rotation", "Lcl Rotation", "A+",0.0952,-27.1014,2.3099
			Property: "Lcl Scaling", "Lcl Scaling", "A+",1.0,1.0,1.0
		}
		MultiLayer: 0
		MultiTake: 1
		Shading: Y
		Culling: "CullingOff"
		TypeFlags: "Skeleton"
	}
	Model: "Model::B-f_index_02.R", "Limb" {
		Version: 232
		Properties60:  {
			Property: "QuaternionInterpolate", "bool", "",0
			Property: "Lcl Translation", "Lcl Translation", "A+",9.2956,0.0000,0.0000
			Property: "Lcl Rotation", "Lcl Rotation", "A+",0.7628,-11.5825,-2.5784
			Property: "Lcl Scaling", "Lcl Scaling", "A+",1.0,1.0,1.0
		}
		MultiLayer: 0
		MultiTake: 1
		Shading: Y
		Culling: "CullingOff"
		TypeFlags: "Skeleton"
	}
	Model: "Model::B-f_index_03.R", "Limb" {
		Version: 232
		Properties60:  {
			Property: "QuaternionInterpolate", "bool", "",0
			Property: "Lcl Translation", "Lcl Translation", "A+",8.4749,0.0000,-0.0000
			Property: "Lcl Rotation", "Lcl Rotation", "A+",3.0378,-10.7623,-2.2645
			Property: "Lcl Scaling", "Lcl Scaling", "A+",1.0,1.0,1.0
		}
		MultiLayer: 0
		MultiTake: 1
		Shading: Y
		Culling: "CullingOff"
		TypeFlags: "Skeleton"
	}
	Model: "Model::B-thumb_01.R", "Limb" {
		Version: 232
		Properties60:  {
			Property: "QuaternionInterpolate", "bool", "",0
			Property: "Lcl Translation", "Lcl Translation", "A+",-4.7813,-5.8338,7.3029
			Property: "Lcl Rotation", "Lcl Rotation", "A+",-57.8502,-14.8336,-43.4573
			Property: "Lcl Scaling", "Lcl Scaling", "A+",1.0,1.0,1.0
		}
		MultiLayer: 0
		MultiTake: 1
		Shading: Y
		Culling: "CullingOff"
		TypeFlags: "Skeleton"
	}
	Model: "Model::B-thumb_02.R", "Limb" {
		Version: 232
		Properties60:  {
			Property: "QuaternionInterpolate", "bool", "",0
			Property: "Lcl Translation", "Lcl Translation", "A+",11.3479,-0.0000,0.0000
			Property: "Lcl Rotation", "Lcl Rotation", "A+",4.5624,-9.1808,2.9953
			Property: "Lcl Scaling", "Lcl Scaling", "A+",1.0,1.0,1.0
		}
		MultiLayer: 0
		MultiTake: 1
		Shading: Y
		Culling: "CullingOff"
		TypeFlags: "Skeleton"
	}
	Model: "Model::B-thumb_03.R", "Limb" {
		Version: 232
		Properties60:  {
			Property: "QuaternionInterpolate", "bool", "",0
			Property: "Lcl Translation", "Lcl Translation", "A+",9.7637,0.0000,-0.0000
			Property: "Lcl Rotation", "Lcl Rotation", "A+",0.9464,-13.1025,0.0128
			Property: "Lcl Scaling", "Lcl Scaling", "A+",1.0,1.0,1.0
		}
		MultiLayer: 0
		MultiTake: 1
		Shading: Y
		Culling: "CullingOff"
		TypeFlags: "Skeleton"
	}
	Model: "Model::B-palm_02.R", "Limb" {
		Version: 232
		Properties60:  {
			Property: "QuaternionInterpolate", "bool", "",0
			Property: "Lcl Translation", "Lcl Translation", "A+",12.2597,-3.8850,1.3285
			Property: "Lcl Rotation", "Lcl Rotation", "A+",-1.1533,6.8796,-0.2096
			Property: "Lcl Scaling", "Lcl Scaling", "A+",1.0,1.0,1.0
		}
		MultiLayer: 0
		MultiTake: 1
		Shading: Y
		Culling: "CullingOff"
		TypeFlags: "Skeleton"
	}
	Model: "Model::B-f_middle_01.R", "Limb" {
		Version: 232
		Properties60:  {
			Property: "QuaternionInterpolate", "bool", "",0
			Property: "Lcl Translation", "Lcl Translation", "A+",20.0712,0.0000,0.0000
			Property: "Lcl Rotation", "Lcl Rotation", "A+",8.7089,-30.7788,-4.6819
			Property: "Lcl Scaling", "Lcl Scaling", "A+",1.0,1.0,1.0
		}
		MultiLayer: 0
		MultiTake: 1
		Shading: Y
		Culling: "CullingOff"
		TypeFlags: "Skeleton"
	}
	Model: "Model::B-f_middle_02.R", "Limb" {
		Version: 232
		Properties60:  {
			Property: "QuaternionInterpolate", "bool", "",0
			Property: "Lcl Translation", "Lcl Translation", "A+",8.9079,0.0000,-0.0000
			Property: "Lcl Rotation", "Lcl Rotation", "A+",-4.5918,-16.7156,2.3294
			Property: "Lcl Scaling", "Lcl Scaling", "A+",1.0,1.0,1.0
		}
		MultiLayer: 0
		MultiTake: 1
		Shading: Y
		Culling: "CullingOff"
		TypeFlags: "Skeleton"
	}
	Model: "Model::B-f_middle_03.R", "Limb" {
		Version: 232
		Properties60:  {
			Property: "QuaternionInterpolate", "bool", "",0
			Property: "Lcl Translation", "Lcl Translation", "A+",9.3024,0.0000,-0.0000
			Property: "Lcl Rotation", "Lcl Rotation", "A+",-0.5311,-12.6176,1.3789
			Property: "Lcl Scaling", "Lcl Scaling", "A+",1.0,1.0,1.0
		}
		MultiLayer: 0
		MultiTake: 1
		Shading: Y
		Culling: "CullingOff"
		TypeFlags: "Skeleton"
	}
	Model: "Model::B-palm_03.R", "Limb" {
		Version: 232
		Properties60:  {
			Property: "QuaternionInterpolate", "bool", "",0
			Property: "Lcl Translation", "Lcl Translation", "A+",12.5953,2.3904,1.0378
			Property: "Lcl Rotation", "Lcl Rotation", "A+",4.3833,3.5656,7.7548
			Property: "Lcl Scaling", "Lcl Scaling", "A+",1.0,1.0,1.0
		}
		MultiLayer: 0
		MultiTake: 1
		Shading: Y
		Culling: "CullingOff"
		TypeFlags: "Skeleton"
	}
	Model: "Model::B-f_ring_01.R", "Limb" {
		Version: 232
		Properties60:  {
			Property: "QuaternionInterpolate", "bool", "",0
			Property: "Lcl Translation", "Lcl Translation", "A+",18.9884,0.0000,0.0000
			Property: "Lcl Rotation", "Lcl Rotation", "A+",-2.7202,-29.6720,-1.6282
			Property: "Lcl Scaling", "Lcl Scaling", "A+",1.0,1.0,1.0
		}
		MultiLayer: 0
		MultiTake: 1
		Shading: Y
		Culling: "CullingOff"
		TypeFlags: "Skeleton"
	}
	Model: "Model::B-f_ring_02.R", "Limb" {
		Version: 232
		Properties60:  {
			Property: "QuaternionInterpolate", "bool", "",0
			Property: "Lcl Translation", "Lcl Translation", "A+",8.5305,-0.0000,0.0000
			Property: "Lcl Rotation", "Lcl Rotation", "A+",7.7976,-17.6225,-0.8552
			Property: "Lcl Scaling", "Lcl Scaling", "A+",1.0,1.0,1.0
		}
		MultiLayer: 0
		MultiTake: 1
		Shading: Y
		Culling: "CullingOff"
		TypeFlags: "Skeleton"
	}
	Model: "Model::B-f_ring_03.R", "Limb" {
		Version: 232
		Properties60:  {
			Property: "QuaternionInterpolate", "bool", "",0
			Property: "Lcl Translation", "Lcl Translation", "A+",8.3968,0.0000,0.0000
			Property: "Lcl Rotation", "Lcl Rotation", "A+",-6.9374,-12.7010,2.5196
			Property: "Lcl Scaling", "Lcl Scaling", "A+",1.0,1.0,1.0
		}
		MultiLayer: 0
		MultiTake: 1
		Shading: Y
		Culling: "CullingOff"
		TypeFlags: "Skeleton"
	}
	Model: "Model::B-palm_04.R", "Limb" {
		Version: 232
		Properties60:  {
			Property: "QuaternionInterpolate", "bool", "",0
			Property: "Lcl Translation", "Lcl Translation", "A+",12.0226,8.5517,1.8340
			Property: "Lcl Rotation", "Lcl Rotation", "A+",7.2329,-1.0051,18.3502
			Property: "Lcl Scaling", "Lcl Scaling", "A+",1.0,1.0,1.0
		}
		MultiLayer: 0
		MultiTake: 1
		Shading: Y
		Culling: "CullingOff"
		TypeFlags: "Skeleton"
	}
	Model: "Model::B-f_pinky_01.R", "Limb" {
		Version: 232
		Properties60:  {
			Property: "QuaternionInterpolate", "bool", "",0
			Property: "Lcl Translation", "Lcl Translation", "A+",17.1194,0.0000,0.0000
			Property: "Lcl Rotation", "Lcl Rotation", "A+",9.1084,-37.4947,-7.7460
			Property: "Lcl Scaling", "Lcl Scaling", "A+",1.0,1.0,1.0
		}
		MultiLayer: 0
		MultiTake: 1
		Shading: Y
		Culling: "CullingOff"
		TypeFlags: "Skeleton"
	}
	Model: "Model::B-f_pinky_02.R", "Limb" {
		Version: 232
		Properties60:  {
			Property: "QuaternionInterpolate", "bool", "",0
			Property: "Lcl Translation", "Lcl Translation", "A+",7.5358,0.0000,0.0000
			Property: "Lcl Rotation", "Lcl Rotation", "A+",-5.8302,-5.7515,2.0772
			Property: "Lcl Scaling", "Lcl Scaling", "A+",1.0,1.0,1.0
		}
		MultiLayer: 0
		MultiTake: 1
		Shading: Y
		Culling: "CullingOff"
		TypeFlags: "Skeleton"
	}
	Model: "Model::B-f_pinky_03.R", "Limb" {
		Version: 232
		Properties60:  {
			Property: "QuaternionInterpolate", "bool", "",0
			Property: "Lcl Translation", "Lcl Translation", "A+",7.0637,0.0000,-0.0000
			Property: "Lcl Rotation", "Lcl Rotation", "A+",2.7502,-4.9071,2.4802
			Property: "Lcl Scaling", "Lcl Scaling", "A+",1.0,1.0,1.0
		}
		MultiLayer: 0
		MultiTake: 1
		Shading: Y
		Culling: "CullingOff"
		TypeFlags: "Skeleton"
	}
	Model: "Model::B-thigh.L", "Limb" {
		Version: 232
		Properties60:  {
			Property: "QuaternionInterpolate", "bool", "",0
			Property: "Lcl Translation", "Lcl Translation", "A+",-0.0002,-22.6557,0.2005
			Property: "Lcl Rotation", "Lcl Rotation", "A+",0.2004,177.4186,9.0095
			Property: "Lcl Scaling", "Lcl Scaling", "A+",1.0,1.0,1.0
		}
		MultiLayer: 0
		MultiTake: 1
		Shading: Y
		Culling: "CullingOff"
		TypeFlags: "Skeleton"
	}
	Model: "Model::B-shin.L", "Limb" {
		Version: 232
		Properties60:  {
			Property: "QuaternionInterpolate", "bool", "",0
			Property: "Lcl Translation", "Lcl Translation", "A+",54.1085,0.0000,-0.0000
			Property: "Lcl Rotation", "Lcl Rotation", "A+",0.3086,-1.5471,4.0053
			Property: "Lcl Scaling", "Lcl Scaling", "A+",1.0,1.0,1.0
		}
		MultiLayer: 0
		MultiTake: 1
		Shading: Y
		Culling: "CullingOff"
		TypeFlags: "Skeleton"
	}
	Model: "Model::B-foot.L", "Limb" {
		Version: 232
		Properties60:  {
			Property: "QuaternionInterpolate", "bool", "",0
			Property: "Lcl Translation", "Lcl Translation", "A+",43.3196,0.0000,-0.0000
			Property: "Lcl Rotation", "Lcl Rotation", "A+",-2.5101,44.3719,-0.3210
			Property: "Lcl Scaling", "Lcl Scaling", "A+",1.0,1.0,1.0
		}
		MultiLayer: 0
		MultiTake: 1
		Shading: Y
		Culling: "CullingOff"
		TypeFlags: "Skeleton"
	}
	Model: "Model::B-toe.L", "Limb" {
		Version: 232
		Properties60:  {
			Property: "QuaternionInterpolate", "bool", "",0
			Property: "Lcl Translation", "Lcl Translation", "A+",36.2436,0.0000,-0.0000
			Property: "Lcl Rotation", "Lcl Rotation", "A+",173.7055,49.4500,-3.4446
			Property: "Lcl Scaling", "Lcl Scaling", "A+",1.0,1.0,1.0
		}
		MultiLayer: 0
		MultiTake: 1
		Shading: Y
		Culling: "CullingOff"
		TypeFlags: "Skeleton"
	}
	Model: "Model::B-thigh.R", "Limb" {
		Version: 232
		Properties60:  {
			Property: "QuaternionInterpolate", "bool", "",0
			Property: "Lcl Translation", "Lcl Translation", "A+",-0.0002,22.6557,0.2005
			Property: "Lcl Rotation", "Lcl Rotation", "A+",-0.2003,177.4186,-9.0099
			Property: "Lcl Scaling", "Lcl Scaling", "A+",1.0,1.0,1.0
		}
		MultiLayer: 0
		MultiTake: 1
		Shading: Y
		Culling: "CullingOff"
		TypeFlags: "Skeleton"
	}
	Model: "Model::B-shin.R", "Limb" {
		Version: 232
		Properties60:  {
			Property: "QuaternionInterpolate", "bool", "",0
			Property: "Lcl Translation", "Lcl Translation", "A+",54.1085,0.0000,-0.0000
			Property: "Lcl Rotation", "Lcl Rotation", "A+",-0.3086,-1.5471,-4.0053
			Property: "Lcl Scaling", "Lcl Scaling", "A+",1.0,1.0,1.0
		}
		MultiLayer: 0
		MultiTake: 1
		Shading: Y
		Culling: "CullingOff"
		TypeFlags: "Skeleton"
	}
	Model: "Model::B-foot.R", "Limb" {
		Version: 232
		Properties60:  {
			Property: "QuaternionInterpolate", "bool", "",0
			Property: "Lcl Translation", "Lcl Translation", "A+",43.3196,-0.0000,-0.0000
			Property: "Lcl Rotation", "Lcl Rotation", "A+",2.5101,44.3719,0.3210
			Property: "Lcl Scaling", "Lcl Scaling", "A+",1.0,1.0,1.0
		}
		MultiLayer: 0
		MultiTake: 1
		Shading: Y
		Culling: "CullingOff"
		TypeFlags: "Skeleton"
	}
	Model: "Model::B-toe.R", "Limb" {
		Version: 232
		Properties60:  {
			Property: "QuaternionInterpolate", "bool", "",0
			Property: "Lcl Translation", "Lcl Translation", "A+",36.2436,0.0000,-0.0000
			Property: "Lcl Rotation", "Lcl Rotation", "A+",-173.7055,49.4500,3.4446
			Property: "Lcl Scaling", "Lcl Scaling", "A+",1.0,1.0,1.0
		}
		MultiLayer: 0
		MultiTake: 1
		Shading: Y
		Culling: "CullingOff"
		TypeFlags: "Skeleton"
	}
	Pose: "Pose::BIND_POSES", "BindPose" {
		Type: "BindPose"
		Version: 100
		Properties60:  {
		}
		NbPoseNodes: 62
		PoseNode:  {
			Node: "Model::Rig"
			Matrix: 1.000000000000000,0.000000000000000,0.000000000000000,0.000000000000000,0.000000000000000,1.000000000000000,0.000000043711388,0.000000000000000,0.000000000000000,-0.000000043711388,1.000000000000000,0.000000000000000,0.000000000000000,0.000000000000000,0.000000000000000,1.000000000000000
		}
		PoseNode:  {
			Node: "Model::root"
			Matrix: 0.000000075497901,0.000000413264161,-1.000000000000000,0.000000000000000,-1.000000000000000,0.000000087422777,-0.000000075497866,0.000000000000000,0.000000087422748,1.000000000000000,0.000000401339264,0.000000000000000,0.000000000000000,0.000000000000000,0.000000000000000,1.000000000000000
		}
		PoseNode:  {
			Node: "Model::B-hips"
			Matrix: 0.000000075497908,1.000000000000000,0.000000201448941,0.000000000000000,-1.000000000000000,0.000000075497866,0.000000238418565,0.000000000000000,0.000000238418551,-0.000000174845610,1.000000000000000,0.000000000000000,0.000000000000000,128.125000000000000,-6.988416671752930,1.000000000000000
		}
		PoseNode:  {
			Node: "Model::B-spine"
			Matrix: 0.000000075497901,1.000000000000000,0.000000415665056,0.000000000000000,-1.000000000000000,0.000000075497802,0.000000238418608,0.000000000000000,0.000000238418565,-0.000000389061711,1.000000000000000,0.000000000000000,0.000000000000136,147.208953857421875,-6.988413333892822,1.000000000000000
		}
		PoseNode:  {
			Node: "Model::B-chest"
			Matrix: 0.000000075497901,1.000000000000000,0.000000413078908,0.000000000000000,-1.000000000000000,0.000000075497802,0.000000238418608,0.000000000000000,0.000000238418579,-0.000000386475563,1.000000000000000,0.000000000000000,0.000000000000136,187.087066650390625,-6.988396644592285,1.000000000000000
		}
		PoseNode:  {
			Node: "Model::B-neck"
			Matrix: 0.000000075497944,0.539453983306885,0.842014908790588,0.000000000000000,-1.000000000000000,-0.000001163785555,0.000000835266235,0.000000000000000,0.000001430512611,-0.842014908790588,0.539454102516174,0.000000000000000,0.000000000000136,230.842193603515625,-1.227084040641785,1.000000000000000
		}
		PoseNode:  {
			Node: "Model::B-head"
			Matrix: 0.000000075498015,0.999999880790710,0.000000371536913,0.000000000000000,-1.000000000000000,0.000000075497660,0.000000238418323,0.000000000000000,0.000000238418465,-0.000000460943909,1.000000000000000,0.000000000000000,0.000000000001193,244.220230102539062,19.654222488403320,1.000000000000000
		}
		PoseNode:  {
			Node: "Model::B-jaw"
			Matrix: -0.000000075497873,-0.218112438917160,0.975923359394073,0.000000000000000,1.000000000000000,0.000000828928137,0.000000262620631,0.000000000000000,-0.000000866251185,0.975923418998718,0.218112528324127,0.000000000000000,0.000000000004717,234.026733398437500,13.056142807006836,1.000000000000000
		}
		PoseNode:  {
			Node: "Model::B-shoulder.L"
			Matrix: 0.992051005363464,-0.125836938619614,0.000000019120971,0.000000000000000,0.004586611874402,0.036158636212349,-0.999335587024689,0.000000000000000,0.125753328204155,0.991391837596893,0.036448400467634,0.000000000000000,0.000000000000136,220.599716186523438,-6.988382816314697,1.000000000000000
		}
		PoseNode:  {
			Node: "Model::B-upper_arm.L"
			Matrix: 0.703815758228302,-0.699977040290833,-0.121143810451031,0.000000000000000,0.675206601619720,0.712163448333740,-0.192144393920898,0.000000000000000,0.220770791172981,0.053437169641256,0.973860800266266,0.000000000000000,41.735828399658203,215.305725097656250,-6.988384723663330,1.000000000000000
		}
		PoseNode:  {
			Node: "Model::B-forearm.L"
			Matrix: 0.748687028884888,-0.584451615810394,0.312864571809769,0.000000000000000,0.645154476165771,0.750908255577087,-0.141112595796585,0.000000000000000,-0.152459204196930,0.307495176792145,0.939256668090820,0.000000000000000,79.244354248046875,178.001785278320312,-13.444513320922852,1.000000000000000
		}
		PoseNode:  {
			Node: "Model::B-hand.L"
			Matrix: 0.671336770057678,-0.722817003726959,0.163837999105453,0.000000000000000,-0.040428802371025,0.185014799237251,0.981903791427612,0.000000000000000,-0.740049242973328,-0.665811777114868,0.094984628260136,0.000000000000000,117.351272583007812,148.254180908203125,2.479769468307495,1.000000000000000
		}
		PoseNode:  {
			Node: "Model::B-palm_01.L"
			Matrix: 0.733060181140900,-0.549444019794464,0.400916844606400,0.000000000000000,-0.316158115863800,0.246634542942047,0.916087090969086,0.000000000000000,-0.602218508720398,-0.798299968242645,0.007086793426424,0.000000000000000,123.234191894531250,139.981155395507812,12.948423385620117,1.000000000000000
		}
		PoseNode:  {
			Node: "Model::B-f_index_01.L"
			Matrix: 0.389033496379852,-0.861246585845947,0.326967269182205,0.000000000000000,-0.284901589155197,0.225046306848526,0.931764662265778,0.000000000000000,-0.876061916351318,-0.455640971660614,-0.157819911837578,0.000000000000000,137.827026367187500,129.043518066406250,20.929370880126953,1.000000000000000
		}
		PoseNode:  {
			Node: "Model::B-f_index_02.L"
			Matrix: 0.192276164889336,-0.924419581890106,0.329361289739609,0.000000000000000,-0.289656788110733,0.267209410667419,0.919074773788452,0.000000000000000,-0.937618970870972,-0.272117674350739,-0.216386303305626,0.000000000000000,141.443344116210938,121.037673950195312,23.968744277954102,1.000000000000000
		}
		PoseNode:  {
			Node: "Model::B-f_index_03.L"
			Matrix: 0.002417210489511,-0.947891473770142,0.318585008382797,0.000000000000000,-0.246008008718491,0.308231383562088,0.918952584266663,0.000000000000000,-0.969265043735504,-0.080595530569553,-0.232443735003471,0.000000000000000,143.072860717773438,113.203330993652344,26.760042190551758,1.000000000000000
		}
		PoseNode:  {
			Node: "Model::B-thumb_01.L"
			Matrix: 0.149998977780342,-0.425933241844177,0.892233967781067,0.000000000000000,-0.951515793800354,-0.307314664125443,0.013259744271636,0.000000000000000,0.268548876047134,-0.850963473320007,-0.451378971338272,0.000000000000000,113.486900329589844,138.217071533203125,16.427534103393555,1.000000000000000
		}
		PoseNode:  {
			Node: "Model::B-thumb_02.L"
			Matrix: 0.239805504679680,-0.539820969104767,0.806899547576904,0.000000000000000,-0.957947731018066,-0.266480088233948,0.106419064104557,0.000000000000000,0.157575458288193,-0.798487246036530,-0.581023514270782,0.000000000000000,115.189079284667969,133.383605957031250,26.552553176879883,1.000000000000000
		}
		PoseNode:  {
			Node: "Model::B-thumb_03.L"
			Matrix: 0.269492268562317,-0.706721127033234,0.654155433177948,0.000000000000000,-0.959399700164795,-0.255740106105804,0.118952974677086,0.000000000000000,0.083227224647999,-0.659653246402740,-0.746947765350342,0.000000000000000,117.530471801757812,128.112945556640625,34.430892944335938,1.000000000000000
		}
		PoseNode:  {
			Node: "Model::B-palm_02.L"
			Matrix: 0.754997551441193,-0.637182831764221,0.154845327138901,0.000000000000000,-0.056045107543468,0.172573953866959,0.983400821685791,0.000000000000000,-0.653328537940979,-0.751143455505371,0.094581946730614,0.000000000000000,124.441482543945312,139.226943969726562,8.429237365722656,1.000000000000000
		}
		PoseNode:  {
			Node: "Model::B-f_middle_01.L"
			Matrix: 0.308236926794052,-0.917885303497314,0.249954044818878,0.000000000000000,0.026809476315975,0.271024376153946,0.962199032306671,0.000000000000000,-0.950932025909424,-0.289884090423584,0.108147710561752,0.000000000000000,139.595214843750000,126.437896728515625,11.537176132202148,1.000000000000000
		}
		PoseNode:  {
			Node: "Model::B-f_middle_02.L"
			Matrix: 0.020417008548975,-0.972299933433533,0.232843965291977,0.000000000000000,-0.040788482874632,0.231888607144356,0.971886813640594,0.000000000000000,-0.998959422111511,-0.029340384528041,-0.034924119710922,0.000000000000000,142.340957641601562,118.261466979980469,13.763741493225098,1.000000000000000
		}
		PoseNode:  {
			Node: "Model::B-f_middle_03.L"
			Matrix: -0.197340130805969,-0.960398375988007,0.196703344583511,0.000000000000000,-0.049363724887371,0.210129350423813,0.976426661014557,0.000000000000000,-0.979091644287109,0.182978123426437,-0.088875718414783,0.000000000000000,142.530883789062500,109.216796875000000,15.929738044738770,1.000000000000000
		}
		PoseNode:  {
			Node: "Model::B-palm_03.L"
			Matrix: 0.715378582477570,-0.698328971862793,0.023882694542408,0.000000000000000,0.103643320500851,0.139851406216621,0.984733402729034,0.000000000000000,-0.691007852554321,-0.701981723308563,0.172423839569092,0.000000000000000,125.135559082031250,138.016845703125000,2.294767856597900,1.000000000000000
		}
		PoseNode:  {
			Node: "Model::B-f_ring_01.L"
			Matrix: 0.281808137893677,-0.950567126274109,0.130408674478531,0.000000000000000,0.037817556411028,0.146816045045853,0.988440632820129,0.000000000000000,-0.958725333213806,-0.273618817329407,0.077322095632553,0.000000000000000,138.719467163085938,124.756683349609375,2.748263835906982,1.000000000000000
		}
		PoseNode:  {
			Node: "Model::B-f_ring_02.L"
			Matrix: -0.021157933399081,-0.986605823040009,0.161744758486748,0.000000000000000,0.168863236904144,0.155930146574974,0.973227143287659,0.000000000000000,-0.985412418842316,0.047904185950756,0.163302287459373,0.000000000000000,141.123428344726562,116.647880554199219,3.860714197158813,1.000000000000000
		}
		PoseNode:  {
			Node: "Model::B-f_ring_03.L"
			Matrix: -0.244517937302589,-0.957688570022583,0.151801317930222,0.000000000000000,0.051188852638006,0.143585979938507,0.988313078880310,0.000000000000000,-0.968292653560638,0.249430790543556,0.013913627713919,0.000000000000000,140.945770263671875,108.363563537597656,5.218851089477539,1.000000000000000
		}
		PoseNode:  {
			Node: "Model::B-palm_04.L"
			Matrix: 0.636845588684082,-0.755873799324036,-0.151930034160614,0.000000000000000,0.266199320554733,0.030631583184004,0.963431239128113,0.000000000000000,-0.723578572273254,-0.654000520706177,0.220720663666725,0.000000000000000,124.410995483398438,136.760772705078125,-3.773267030715942,1.000000000000000
		}
		PoseNode:  {
			Node: "Model::B-f_pinky_01.L"
			Matrix: 0.088701494038105,-0.989052057266235,0.117933206260204,0.000000000000000,0.330834090709686,0.140932515263557,0.933106005191803,0.000000000000000,-0.939511060714722,-0.043751552700996,0.339713007211685,0.000000000000000,135.313400268554688,123.820678710937500,-6.374214649200439,1.000000000000000
		}
		PoseNode:  {
			Node: "Model::B-f_pinky_02.L"
			Matrix: -0.017886128276587,-0.992893576622009,0.117655128240585,0.000000000000000,0.236369431018829,0.110139273107052,0.965400874614716,0.000000000000000,-0.971498727798462,0.045077390968800,0.232719644904137,0.000000000000000,135.981842041015625,116.367332458496094,-5.485486984252930,1.000000000000000
		}
		PoseNode:  {
			Node: "Model::B-f_pinky_03.L"
			Matrix: -0.111097298562527,-0.989220440387726,0.095397040247917,0.000000000000000,0.281430512666702,0.060746226459742,0.957656919956207,0.000000000000000,-0.953128755092621,0.133240774273872,0.271647959947586,0.000000000000000,135.855499267578125,109.353797912597656,-4.654402256011963,1.000000000000000
		}
		PoseNode:  {
			Node: "Model::B-shoulder.R"
			Matrix: -0.992051005363464,-0.125836938619614,-0.000000123004142,0.000000000000000,0.004586454015225,-0.036158658564091,0.999335587024689,0.000000000000000,-0.125753328204155,0.991391777992249,0.036448400467634,0.000000000000000,0.000000000000136,220.599716186523438,-6.988382816314697,1.000000000000000
		}
		PoseNode:  {
			Node: "Model::B-upper_arm.R"
			Matrix: -0.703815758228302,-0.699976921081543,-0.121143773198128,0.000000000000000,0.675206482410431,-0.712163448333740,0.192144379019737,0.000000000000000,-0.220770791172981,0.053437162190676,0.973860859870911,0.000000000000000,-41.735828399658203,215.305725097656250,-6.988384723663330,1.000000000000000
		}
		PoseNode:  {
			Node: "Model::B-forearm.R"
			Matrix: -0.748687207698822,-0.584451436996460,0.312864571809769,0.000000000000000,0.645154237747192,-0.750908315181732,0.141112685203552,0.000000000000000,0.152459174394608,0.307495117187500,0.939256727695465,0.000000000000000,-79.244346618652344,178.001785278320312,-13.444511413574219,1.000000000000000
		}
		PoseNode:  {
			Node: "Model::B-hand.R"
